  0.5000  1.1125 -0.9000  1.2050  0.0903 -0.0578 -0.2156
  0.5000  1.1125 -0.7000  1.5436  0.0790 -0.1512 -0.5482
  0.5000  1.1125 -0.5000  1.7764  0.0885 -0.2504 -0.7691
  0.5000  1.1125 -0.3000  1.9238  0.1245 -0.3489 -0.8960
  0.5000  1.1125 -0.1000  1.9998  0.1917 -0.4404 -0.9408
  0.5000  1.1125  0.1000  2.0146  0.2946 -0.5185 -0.9120
  0.5000  1.1125  0.3000  1.9767  0.4383 -0.5748 -0.8156
  0.5000  1.1125  0.5000  1.8938  0.6287 -0.5962 -0.6560
  0.5000  1.1125  0.7000  1.7739  0.8733 -0.5574 -0.4367
  0.5000  1.1125  0.9000  1.6247  1.1810 -0.3840 -0.1597
  0.5000  1.1375 -0.9000  2.2258  0.1810  0.0192 -0.5025
  0.5000  1.1375 -0.7000  2.9731  0.1408 -0.0924 -1.2668
  0.5000  1.1375 -0.5000  3.4441  0.1313 -0.2568 -1.7649
  0.5000  1.1375 -0.3000  3.6919  0.1686 -0.4402 -2.0430
  0.5000  1.1375 -0.1000  3.7493  0.2651 -0.6249 -2.1321
  0.5000  1.1375  0.1000  3.6381  0.4323 -0.7962 -2.0536
  0.5000  1.1375  0.3000  3.3762  0.6830 -0.9374 -1.8234
  0.5000  1.1375  0.5000  2.9803  1.0331 -1.0227 -1.4551
  0.5000  1.1375  0.7000  2.4666  1.5042 -1.0018 -0.9602
  0.5000  1.1375  0.9000  1.8482  2.1256 -0.7227 -0.3481
  0.5000  1.1625 -0.9000  3.8928  0.2722  0.1782 -0.9206
  0.5000  1.1625 -0.7000  5.2800  0.2004  0.0776 -2.3243
  0.5000  1.1625 -0.5000  6.1435  0.1640 -0.1537 -3.2409
  0.5000  1.1625 -0.3000  6.5727  0.1911 -0.4390 -3.7523
  0.5000  1.1625 -0.1000  6.6187  0.3040 -0.7437 -3.9123
  0.5000  1.1625  0.1000  6.3139  0.5223 -1.0418 -3.7591
  0.5000  1.1625  0.3000  5.6846  0.8670 -1.3055 -3.3233
  0.5000  1.1625  0.5000  4.7560  1.3662 -1.4943 -2.6339
  0.5000  1.1625  0.7000  3.5513  2.0623 -1.5261 -1.7209
  0.5000  1.1625  0.9000  2.0846  3.0191 -1.1461 -0.6153
  0.5000  1.1875 -0.9000  5.9935  0.3591  0.4130 -1.3983
  0.5000  1.1875 -0.7000  8.1835  0.2782  0.3692 -3.5635
  0.5000  1.1875 -0.5000  9.6045  0.2326  0.0924 -5.0096
  0.5000  1.1875 -0.3000 10.3646  0.2563 -0.2863 -5.8426
  0.5000  1.1875 -0.1000 10.5218  0.3773 -0.7110 -6.1329
  0.5000  1.1875  0.1000 10.1128  0.6199 -1.1413 -5.9293
  0.5000  1.1875  0.3000  9.1693  1.0111 -1.5376 -5.2721
  0.5000  1.1875  0.5000  7.7240  1.5914 -1.8459 -4.2004
  0.5000  1.1875  0.7000  5.8070  2.4286 -1.9574 -2.7568
  0.5000  1.1875  0.9000  3.4339  3.6334 -1.5212 -0.9890
  0.5000  1.2125 -0.9000  6.4945  0.3602  0.5326 -1.4691
  0.5000  1.2125 -0.7000  8.8891  0.3458  0.5724 -3.7986
  0.5000  1.2125 -0.5000 10.5685  0.3658  0.3427 -5.4239
  0.5000  1.2125 -0.3000 11.6135  0.4323 -0.0098 -6.4349
  0.5000  1.2125 -0.1000 12.0644  0.5632 -0.4229 -6.8850
  0.5000  1.2125  0.1000 11.9463  0.7790 -0.8512 -6.8044
  0.5000  1.2125  0.3000 11.2842  1.1076 -1.2522 -6.2101
  0.5000  1.2125  0.5000 10.1107  1.5979 -1.5726 -5.1080
  0.5000  1.2125  0.7000  8.4682  2.3432 -1.7113 -3.4885
  0.5000  1.2125  0.9000  6.4071  3.5071 -1.3497 -1.3156
  0.5000  1.2375 -0.9000  4.5493  0.2508  0.3772 -1.0011
  0.5000  1.2375 -0.7000  6.2230  0.3360  0.4448 -2.6379
  0.5000  1.2375 -0.5000  7.5333  0.4565  0.3256 -3.8629
  0.5000  1.2375 -0.3000  8.5188  0.5889  0.1161 -4.7291
  0.5000  1.2375 -0.1000  9.1969  0.7355 -0.1390 -5.2532
  0.5000  1.2375  0.1000  9.5748  0.9100 -0.4054 -5.4283
  0.5000  1.2375  0.3000  9.6597  1.1379 -0.6507 -5.2266
  0.5000  1.2375  0.5000  9.4727  1.4749 -0.8370 -4.5869
  0.5000  1.2375  0.7000  9.0693  2.0410 -0.9017 -3.3871
  0.5000  1.2375  0.9000  8.5697  3.0601 -0.6811 -1.4005
  0.5000  1.2625 -0.9000  2.5210  0.1620  0.1781 -0.5528
  0.5000  1.2625 -0.7000  3.4401  0.2963  0.2217 -1.4861
  0.5000  1.2625 -0.5000  4.2691  0.4646  0.1689 -2.2567
  0.5000  1.2625 -0.3000  5.0344  0.6277  0.0650 -2.9016
  0.5000  1.2625 -0.1000  5.7470  0.7838 -0.0644 -3.4169
  0.5000  1.2625  0.1000  6.4038  0.9454 -0.1967 -3.7731
  0.5000  1.2625  0.3000  6.9956  1.1379 -0.3092 -3.9142
  0.5000  1.2625  0.5000  7.5282  1.4258 -0.3757 -3.7323
  0.5000  1.2625  0.7000  8.0603  1.9611 -0.3597 -3.0155
  0.5000  1.2625  0.9000  8.7661  3.0376 -0.2080 -1.3692
  0.5000  1.2875 -0.9000  1.3533  0.1321  0.0545 -0.3104
  0.5000  1.2875 -0.7000  1.8481  0.2794  0.0666 -0.8490
  0.5000  1.2875 -0.5000  2.3782  0.4568  0.0350 -1.3514
  0.5000  1.2875 -0.3000  2.9764  0.6216 -0.0248 -1.8566
  0.5000  1.2875 -0.1000  3.6564  0.7769 -0.0976 -2.3548
  0.5000  1.2875  0.1000  4.4095  0.9380 -0.1669 -2.8075
  0.5000  1.2875  0.3000  5.2124  1.1299 -0.2150 -3.1462
  0.5000  1.2875  0.5000  6.0539  1.4247 -0.2212 -3.2381
  0.5000  1.2875  0.7000  6.9861  2.0087 -0.1574 -2.8154
  0.5000  1.2875  0.9000  8.2117  3.2530 -0.0110 -1.3680
  0.5000  1.3125 -0.9000  0.7530  0.1453 -0.0183 -0.1911
  0.5000  1.3125 -0.7000  1.0345  0.2898 -0.0344 -0.5295
  0.5000  1.3125 -0.5000  1.4017  0.4585 -0.0639 -0.8915
  0.5000  1.3125 -0.3000  1.8994  0.6104 -0.1087 -1.3234
  0.5000  1.3125 -0.1000  2.5443  0.7561 -0.1595 -1.8156
  0.5000  1.3125  0.1000  3.3224  0.9138 -0.2016 -2.3263
  0.5000  1.3125  0.3000  4.1967  1.1058 -0.2197 -2.7809
  0.5000  1.3125  0.5000  5.1370  1.4088 -0.1957 -3.0307
  0.5000  1.3125  0.7000  6.1787  2.0414 -0.1025 -2.7699
  0.5000  1.3125  0.9000  7.5288  3.4446  0.0639 -1.4042
  0.5000  1.3375 -0.9000  0.4679  0.1877 -0.0665 -0.1309
  0.5000  1.3375 -0.7000  0.6401  0.3168 -0.1069 -0.3673
  0.5000  1.3375 -0.5000  0.9189  0.4657 -0.1393 -0.6568
  0.5000  1.3375 -0.3000  1.3608  0.5952 -0.1784 -1.0542
  0.5000  1.3375 -0.1000  1.9832  0.7233 -0.2183 -1.5519
  0.5000  1.3375  0.1000  2.7646  0.8697 -0.2445 -2.1061
  0.5000  1.3375  0.3000  3.6539  1.0516 -0.2426 -2.6369
  0.5000  1.3375  0.5000  4.5999  1.3468 -0.1962 -2.9838
  0.5000  1.3375  0.7000  5.6128  1.9963 -0.0765 -2.8113
  0.5000  1.3375  0.9000  6.8814  3.4783  0.1217 -1.4612
  0.5000  1.3625 -0.9000  0.3652  0.2374 -0.1000 -0.1018
  0.5000  1.3625 -0.7000  0.4819  0.3373 -0.1595 -0.2881
  0.5000  1.3625 -0.5000  0.7126  0.4561 -0.1939 -0.5418
  0.5000  1.3625 -0.3000  1.1270  0.5576 -0.2275 -0.9270
  0.5000  1.3625 -0.1000  1.7412  0.6644 -0.2567 -1.4397
  0.5000  1.3625  0.1000  2.5249  0.7939 -0.2664 -2.0343
  0.5000  1.3625  0.3000  3.4116  0.9566 -0.2424 -2.6248
  0.5000  1.3625  0.5000  4.3265  1.2284 -0.1692 -3.0365
  0.5000  1.3625  0.7000  5.2442  1.8576 -0.0140 -2.9069
  0.5000  1.3625  0.9000  6.3141  3.2998  0.2243 -1.5286
  0.5000  1.3875 -0.9000  0.3688  0.2655 -0.1198 -0.0994
  0.5000  1.3875 -0.7000  0.4730  0.3319 -0.1927 -0.2746
  0.5000  1.3875 -0.5000  0.6868  0.4183 -0.2279 -0.5185
  0.5000  1.3875 -0.3000  1.0982  0.4937 -0.2556 -0.9088
  0.5000  1.3875 -0.1000  1.7224  0.5826 -0.2732 -1.4468
  0.5000  1.3875  0.1000  2.5187  0.6981 -0.2646 -2.0850
  0.5000  1.3875  0.3000  3.4041  0.8437 -0.2160 -2.7290
  0.5000  1.3875  0.5000  4.2780  1.0943 -0.1114 -3.1860
  0.5000  1.3875  0.7000  5.0725  1.6911  0.0896 -3.0646
  0.5000  1.3875  0.9000  5.8796  2.9966  0.3808 -1.6146
  0.5000  1.4125 -0.9000  0.4361  0.2643 -0.1308 -0.1329
  0.5000  1.4125 -0.7000  0.5856  0.3085 -0.2163 -0.3466
  0.5000  1.4125 -0.5000  0.8224  0.3694 -0.2534 -0.6132
  0.5000  1.4125 -0.3000  1.2615  0.4248 -0.2774 -1.0315
  0.5000  1.4125 -0.1000  1.9184  0.5034 -0.2858 -1.6095
  0.5000  1.4125  0.1000  2.7412  0.6132 -0.2606 -2.2972
  0.5000  1.4125  0.3000  3.6292  0.7514 -0.1882 -2.9892
  0.5000  1.4125  0.5000  4.4537  0.9963 -0.0520 -3.4709
  0.5000  1.4125  0.7000  5.0974  1.5785  0.1992 -3.3165
  0.5000  1.4125  0.9000  5.5787  2.7135  0.5569 -1.7343
  0.5000  1.4375 -0.9000  0.5572  0.2765 -0.1472 -0.2193
  0.5000  1.4375 -0.7000  0.8432  0.3089 -0.2519 -0.5482
  0.5000  1.4375 -0.5000  1.1645  0.3461 -0.2921 -0.8884
  0.5000  1.4375 -0.3000  1.6727  0.3778 -0.3130 -1.3674
  0.5000  1.4375 -0.1000  2.3878  0.4453 -0.3127 -2.0034
  0.5000  1.4375  0.1000  3.2479  0.5535 -0.2703 -2.7449
  0.5000  1.4375  0.3000  4.1334  0.6941 -0.1729 -3.4735
  0.5000  1.4375  0.5000  4.8853  0.9539 -0.0050 -3.9465
  0.5000  1.4375  0.7000  5.3304  1.5581  0.2974 -3.6980
  0.5000  1.4375  0.9000  5.4023  2.5370  0.7336 -1.8982
  0.5000  1.4625 -0.9000  0.7662  0.4025 -0.1953 -0.3730
  0.5000  1.4625 -0.7000  1.3287  0.4013 -0.3337 -0.9403
  0.5000  1.4625 -0.5000  1.8304  0.3881 -0.3730 -1.4400
  0.5000  1.4625 -0.3000  2.4572  0.3675 -0.3806 -2.0225
  0.5000  1.4625 -0.1000  3.2386  0.4015 -0.3602 -2.7218
  0.5000  1.4625  0.1000  4.1114  0.4971 -0.2890 -3.4928
  0.5000  1.4625  0.3000  4.9496  0.6426 -0.1554 -4.2127
  0.5000  1.4625  0.5000  5.5759  0.9386  0.0527 -4.6181
  0.5000  1.4625  0.7000  5.7724  1.6161  0.4106 -4.2073
  0.5000  1.4625  0.9000  5.3985  2.5205  0.9285 -2.1102
  0.5000  1.4875 -0.9000  1.0359  0.8348 -0.2892 -0.5057
  0.5000  1.4875 -0.7000  1.9398  0.6840 -0.4608 -1.3778
  0.5000  1.4875 -0.5000  2.6491  0.5301 -0.4783 -2.0750
  0.5000  1.4875 -0.3000  3.3311  0.3822 -0.4483 -2.7202
  0.5000  1.4875 -0.1000  4.0382  0.3145 -0.3893 -3.3787
  0.5000  1.4875  0.1000  4.7500  0.3496 -0.2807 -4.0437
  0.5000  1.4875  0.3000  5.3876  0.4850 -0.1131 -4.6286
  0.5000  1.4875  0.5000  5.8122  0.8316  0.1194 -4.9059
  0.5000  1.4875  0.7000  5.8297  1.6514  0.4960 -4.3998
  0.5000  1.4875  0.9000  5.3364  2.8031  1.0531 -2.2103
  0.5000  1.5125 -0.9000  1.2053  1.4490 -0.3598 -0.3479
  0.5000  1.5125 -0.7000  2.0799  1.0151 -0.5240 -1.2427
  0.5000  1.5125 -0.5000  2.7393  0.6701 -0.5023 -1.9461
  0.5000  1.5125 -0.3000  3.2182  0.3920 -0.4323 -2.4522
  0.5000  1.5125 -0.1000  3.5894  0.2129 -0.3500 -2.8700
  0.5000  1.5125  0.1000  3.9256  0.1747 -0.2384 -3.2655
  0.5000  1.5125  0.3000  4.2630  0.2943 -0.0864 -3.6402
  0.5000  1.5125  0.5000  4.5774  0.6722  0.1036 -3.8862
  0.5000  1.5125  0.7000  4.7967  1.6487  0.3989 -3.6484
  0.5000  1.5125  0.9000  5.0227  3.5722  0.9036 -1.9906
  0.5000  1.5375 -0.9000  1.3354  1.6742 -0.3788 -0.0245
  0.5000  1.5375 -0.7000  1.8601  1.0630 -0.5245 -0.6659
  0.5000  1.5375 -0.5000  2.2832  0.6453 -0.4825 -1.2118
  0.5000  1.5375 -0.3000  2.5085  0.3551 -0.3999 -1.5345
  0.5000  1.5375 -0.1000  2.6052  0.1609 -0.3214 -1.7668
  0.5000  1.5375  0.1000  2.7022  0.1093 -0.2290 -2.0179
  0.5000  1.5375  0.3000  2.9096  0.2249 -0.1088 -2.3411
  0.5000  1.5375  0.5000  3.2703  0.5837  0.0252 -2.7078
  0.5000  1.5375  0.7000  3.7708  1.5983  0.2182 -2.8439
  0.5000  1.5375  0.9000  4.6195  4.1319  0.6550 -1.7603
  0.5000  1.5625 -0.9000  1.3747  1.5884 -0.3571  0.1987
  0.5000  1.5625 -0.7000  1.6140  0.9408 -0.4746 -0.2103
  0.5000  1.5625 -0.5000  1.8458  0.5454 -0.4275 -0.6072
  0.5000  1.5625 -0.3000  1.9217  0.3057 -0.3588 -0.8214
  0.5000  1.5625 -0.1000  1.9095  0.1493 -0.3085 -0.9984
  0.5000  1.5625  0.1000  1.9536  0.1192 -0.2503 -1.2537
  0.5000  1.5625  0.3000  2.1782  0.2350 -0.1679 -1.6411
  0.5000  1.5625  0.5000  2.6184  0.5537 -0.0926 -2.1377
  0.5000  1.5625  0.7000  3.2065  1.5285  0.0006 -2.4790
  0.5000  1.5625  0.9000  4.0622  4.2474  0.3935 -1.6529
  0.5000  1.5875 -0.9000  1.4818  1.3957 -0.3004  0.3359
  0.5000  1.5875 -0.7000  1.5385  0.7909 -0.3919  0.0682
  0.5000  1.5875 -0.5000  1.6551  0.4528 -0.3518 -0.2515
  0.5000  1.5875 -0.3000  1.6659  0.2665 -0.3071 -0.4376
  0.5000  1.5875 -0.1000  1.6413  0.1419 -0.2895 -0.6435
  0.5000  1.5875  0.1000  1.7243  0.1227 -0.2629 -0.9770
  0.5000  1.5875  0.3000  2.0260  0.2238 -0.2086 -1.4691
  0.5000  1.5875  0.5000  2.5391  0.4887 -0.1750 -2.0649
  0.5000  1.5875  0.7000  3.0913  1.3863 -0.1590 -2.4666
  0.5000  1.5875  0.9000  3.6219  4.0401  0.2021 -1.6530
  0.5000  1.6125 -0.9000  1.6844  1.2170 -0.2512  0.4322
  0.5000  1.6125 -0.7000  1.6176  0.6858 -0.3186  0.2669
  0.5000  1.6125 -0.5000  1.6591  0.4076 -0.2907 -0.0128
  0.5000  1.6125 -0.3000  1.6423  0.2625 -0.2717 -0.2202
  0.5000  1.6125 -0.1000  1.6447  0.1538 -0.2799 -0.5055
  0.5000  1.6125  0.1000  1.7993  0.1294 -0.2720 -0.9542
  0.5000  1.6125  0.3000  2.1877  0.2035 -0.2316 -1.5584
  0.5000  1.6125  0.5000  2.7428  0.4123 -0.2295 -2.2113
  0.5000  1.6125  0.7000  3.1674  1.2307 -0.2973 -2.5728
  0.5000  1.6125  0.9000  3.1782  3.7630 -0.0086 -1.6594
  0.5000  1.6375 -0.9000  1.9093  1.0071 -0.2356  0.4885
  0.5000  1.6375 -0.7000  1.7440  0.5941 -0.2717  0.4580
  0.5000  1.6375 -0.5000  1.7157  0.3881 -0.2596  0.2361
  0.5000  1.6375 -0.3000  1.6843  0.2849 -0.2687 -0.0188
  0.5000  1.6375 -0.1000  1.7303  0.1875 -0.2901 -0.4226
  0.5000  1.6375  0.1000  1.9620  0.1430 -0.2806 -1.0046
  0.5000  1.6375  0.3000  2.4114  0.1732 -0.2389 -1.6962
  0.5000  1.6375  0.5000  2.9448  0.3167 -0.2639 -2.3346
  0.5000  1.6375  0.7000  3.1654  1.0444 -0.4395 -2.5693
  0.5000  1.6375  0.9000  2.6032  3.4940 -0.3098 -1.5616
  0.5000  1.6625 -0.9000  1.9850  0.7290 -0.2377  0.4525
  0.5000  1.6625 -0.7000  1.7325  0.5006 -0.2181  0.6332
  0.5000  1.6625 -0.5000  1.6166  0.3870 -0.2156  0.5398
  0.5000  1.6625 -0.3000  1.5735  0.3314 -0.2530  0.2445
  0.5000  1.6625 -0.1000  1.6599  0.2433 -0.2736 -0.2759
  0.5000  1.6625  0.1000  1.9307  0.1575 -0.2449 -0.9463
  0.5000  1.6625  0.3000  2.3528  0.1200 -0.1948 -1.6261
  0.5000  1.6625  0.5000  2.7568  0.1844 -0.2370 -2.1324
  0.5000  1.6625  0.7000  2.7775  0.7872 -0.5034 -2.1996
  0.5000  1.6625  0.9000  1.9792  3.2295 -0.5930 -1.2717
  0.5000  1.6875 -0.9000  1.7652  0.5387 -0.2518  0.2914
  0.5000  1.6875 -0.7000  1.4901  0.4322 -0.1673  0.6552
  0.5000  1.6875 -0.5000  1.3056  0.3708 -0.1620  0.7281
  0.5000  1.6875 -0.3000  1.2530  0.3516 -0.2188  0.4553
  0.5000  1.6875 -0.1000  1.3451  0.2888 -0.2325 -0.0781
  0.5000  1.6875  0.1000  1.5764  0.1866 -0.1856 -0.6976
  0.5000  1.6875  0.3000  1.8672  0.1085 -0.1326 -1.2242
  0.5000  1.6875  0.5000  2.0746  0.1267 -0.1788 -1.5165
  0.5000  1.6875  0.7000  2.0057  0.6352 -0.4721 -1.4759
  0.5000  1.6875  0.9000  1.4819  3.1219 -0.7064 -0.8599
  0.5000  1.7125 -0.9000  1.3888  0.4760 -0.2508  0.1034
  0.5000  1.7125 -0.7000  1.1825  0.3666 -0.1319  0.5011
  0.5000  1.7125 -0.5000  0.9995  0.3050 -0.1242  0.6797
  0.5000  1.7125 -0.3000  0.9462  0.3020 -0.1877  0.4830
  0.5000  1.7125 -0.1000  1.0124  0.2704 -0.1965  0.0429
  0.5000  1.7125  0.1000  1.1669  0.1873 -0.1423 -0.4308
  0.5000  1.7125  0.3000  1.3224  0.1135 -0.0916 -0.7651
  0.5000  1.7125  0.5000  1.3841  0.1272 -0.1409 -0.8763
  0.5000  1.7125  0.7000  1.2987  0.5958 -0.4350 -0.8039
  0.5000  1.7125  0.9000  1.0786  3.0226 -0.6974 -0.5174
  0.5000  1.7375 -0.9000  1.0441  0.4958 -0.2302 -0.0268
  0.5000  1.7375 -0.7000  0.9197  0.3311 -0.1063  0.3149
  0.5000  1.7375 -0.5000  0.7708  0.2525 -0.1005  0.5286
  0.5000  1.7375 -0.3000  0.7203  0.2515 -0.1606  0.4073
  0.5000  1.7375 -0.1000  0.7559  0.2352 -0.1629  0.0800
  0.5000  1.7375  0.1000  0.8474  0.1702 -0.1058 -0.2528
  0.5000  1.7375  0.3000  0.9202  0.1108 -0.0585 -0.4419
  0.5000  1.7375  0.5000  0.9155  0.1318 -0.1146 -0.4453
  0.5000  1.7375  0.7000  0.8418  0.5876 -0.4148 -0.3782
  0.5000  1.7375  0.9000  0.7777  2.9013 -0.6577 -0.3127
  0.5000  1.7625 -0.9000  0.7968  0.5430 -0.2072 -0.0979
  0.5000  1.7625 -0.7000  0.7259  0.3205 -0.0916  0.1764
  0.5000  1.7625 -0.5000  0.6063  0.2258 -0.0901  0.3922
  0.5000  1.7625 -0.3000  0.5550  0.2238 -0.1444  0.3253
  0.5000  1.7625 -0.1000  0.5652  0.2140 -0.1403  0.0864
  0.5000  1.7625  0.1000  0.6167  0.1596 -0.0816 -0.1468
  0.5000  1.7625  0.3000  0.6500  0.1109 -0.0368 -0.2478
  0.5000  1.7625  0.5000  0.6285  0.1381 -0.0985 -0.1993
  0.5000  1.7625  0.7000  0.5826  0.5895 -0.4028 -0.1510
  0.5000  1.7625  0.9000  0.6033  2.7991 -0.6101 -0.2130
  0.5000  1.7875 -0.9000  0.6344  0.5855 -0.1918 -0.1319
  0.5000  1.7875 -0.7000  0.5919  0.3151 -0.0877  0.0897
  0.5000  1.7875 -0.5000  0.4913  0.2095 -0.0911  0.2965
  0.5000  1.7875 -0.3000  0.4370  0.2083 -0.1407  0.2641
  0.5000  1.7875 -0.1000  0.4286  0.2031 -0.1315  0.0852
  0.5000  1.7875  0.1000  0.4561  0.1555 -0.0716 -0.0843
  0.5000  1.7875  0.3000  0.4718  0.1136 -0.0278 -0.1357
  0.5000  1.7875  0.5000  0.4536  0.1443 -0.0904 -0.0658
  0.5000  1.7875  0.7000  0.4403  0.5908 -0.3910 -0.0390
  0.5000  1.7875  0.9000  0.5219  2.7089 -0.5566 -0.1729
  0.5000  1.8125 -0.9000  0.5239  0.6182 -0.1831 -0.1435
  0.5000  1.8125 -0.7000  0.4964  0.3089 -0.0897  0.0405
  0.5000  1.8125 -0.5000  0.4107  0.1965 -0.0970  0.2336
  0.5000  1.8125 -0.3000  0.3549  0.1974 -0.1432  0.2213
  0.5000  1.8125 -0.1000  0.3337  0.1965 -0.1307  0.0824
  0.5000  1.8125  0.1000  0.3459  0.1537 -0.0702 -0.0460
  0.5000  1.8125  0.3000  0.3532  0.1167 -0.0264 -0.0692
  0.5000  1.8125  0.5000  0.3434  0.1492 -0.0865  0.0074
  0.5000  1.8125  0.7000  0.3602  0.5879 -0.3766  0.0120
  0.5000  1.8125  0.9000  0.4913  2.6171 -0.4946 -0.1659
  0.7000  1.1125 -0.9000  0.7517  0.0845 -0.0188 -0.1753
  0.7000  1.1125 -0.7000  1.0248  0.0649 -0.0713 -0.4424
  0.7000  1.1125 -0.5000  1.2131  0.0579 -0.1321 -0.6174
  0.7000  1.1125 -0.3000  1.3356  0.0680 -0.1930 -0.7165
  0.7000  1.1125 -0.1000  1.4038  0.0986 -0.2491 -0.7500
  0.7000  1.1125  0.1000  1.4259  0.1523 -0.2960 -0.7249
  0.7000  1.1125  0.3000  1.4087  0.2321 -0.3288 -0.6465
  0.7000  1.1125  0.5000  1.3583  0.3414 -0.3403 -0.5187
  0.7000  1.1125  0.7000  1.2808  0.4839 -0.3166 -0.3447
  0.7000  1.1125  0.9000  1.1814  0.6639 -0.2167 -0.1261
  0.7000  1.1375 -0.9000  1.4496  0.1638  0.0507 -0.4078
  0.7000  1.1375 -0.7000  2.0402  0.1202 -0.0097 -1.0177
  0.7000  1.1375 -0.5000  2.4108  0.0939 -0.1143 -1.4091
  0.7000  1.1375 -0.3000  2.6120  0.0980 -0.2320 -1.6255
  0.7000  1.1375 -0.1000  2.6720  0.1420 -0.3488 -1.6934
  0.7000  1.1375  0.1000  2.6081  0.2336 -0.4550 -1.6294
  0.7000  1.1375  0.3000  2.4338  0.3800 -0.5402 -1.4461
  0.7000  1.1375  0.5000  2.1628  0.5896 -0.5894 -1.1538
  0.7000  1.1375  0.7000  1.8082  0.8731 -0.5740 -0.7619
  0.7000  1.1375  0.9000  1.3792  1.2452 -0.4097 -0.2768
  0.7000  1.1625 -0.9000  2.6096  0.2479  0.1830 -0.7364
  0.7000  1.1625 -0.7000  3.6774  0.1782  0.1352 -1.8396
  0.7000  1.1625 -0.5000  4.3348  0.1264 -0.0176 -2.5494
  0.7000  1.1625 -0.3000  4.6676  0.1175 -0.2075 -2.9430
  0.7000  1.1625 -0.1000  4.7200  0.1684 -0.4071 -3.0659
  0.7000  1.1625  0.1000  4.5173  0.2921 -0.5984 -2.9470
  0.7000  1.1625  0.3000  4.0795  0.5009 -0.7638 -2.6089
  0.7000  1.1625  0.5000  3.4280  0.8103 -0.8781 -2.0729
  0.7000  1.1625  0.7000  2.5836  1.2416 -0.8930 -1.3601
  0.7000  1.1625  0.9000  1.5592  1.8241 -0.6635 -0.4898
  0.7000  1.1875 -0.9000  4.0880  0.3286  0.3689 -1.0924
  0.7000  1.1875 -0.7000  5.7272  0.2481  0.3636 -2.7507
  0.7000  1.1875 -0.5000  6.7750  0.1840  0.1736 -3.8403
  0.7000  1.1875 -0.3000  7.3375  0.1684 -0.0881 -4.4633
  0.7000  1.1875 -0.1000  7.4652  0.2229 -0.3774 -4.6784
  0.7000  1.1875  0.1000  7.1860  0.3639 -0.6656 -4.5222
  0.7000  1.1875  0.3000  6.5234  0.6082 -0.9257 -4.0233
  0.7000  1.1875  0.5000  5.5052  0.9782 -1.1219 -3.2107
  0.7000  1.1875  0.7000  4.1599  1.5081 -1.1855 -2.1146
  0.7000  1.1875  0.9000  2.5039  2.2468 -0.9094 -0.7635
  0.7000  1.2125 -0.9000  4.4691  0.3254  0.4494 -1.1134
  0.7000  1.2125 -0.7000  6.2145  0.2927  0.4983 -2.8350
  0.7000  1.2125 -0.5000  7.4216  0.2785  0.3321 -4.0088
  0.7000  1.2125 -0.3000  8.1735  0.2976  0.0755 -4.7268
  0.7000  1.2125 -0.1000  8.5066  0.3642 -0.2205 -5.0363
  0.7000  1.2125  0.1000  8.4403  0.4925 -0.5223 -4.9605
  0.7000  1.2125  0.3000  7.9933  0.7001 -0.7989 -4.5119
  0.7000  1.2125  0.5000  7.1917  1.0146 -1.0122 -3.6974
  0.7000  1.2125  0.7000  6.0672  1.4831 -1.0939 -2.5146
  0.7000  1.2125  0.9000  4.6488  2.1803 -0.8473 -0.9436
  0.7000  1.2375 -0.9000  3.1388  0.2210  0.3101 -0.7335
  0.7000  1.2375 -0.7000  4.3302  0.2693  0.3670 -1.8881
  0.7000  1.2375 -0.5000  5.2526  0.3401  0.2712 -2.7213
  0.7000  1.2375 -0.3000  5.9539  0.4185  0.1065 -3.2960
  0.7000  1.2375 -0.1000  6.4526  0.5056 -0.0892 -3.6336
  0.7000  1.2375  0.1000  6.7557  0.6110 -0.2888 -3.7307
  0.7000  1.2375  0.3000  6.8696  0.7523 -0.4674 -3.5676
  0.7000  1.2375  0.5000  6.8093  0.9620 -0.5958 -3.1043
  0.7000  1.2375  0.7000  6.6044  1.3015 -0.6292 -2.2658
  0.7000  1.2375  0.9000  6.3056  1.8748 -0.4622 -0.9217
  0.7000  1.2625 -0.9000  1.7320  0.1447  0.1463 -0.3970
  0.7000  1.2625 -0.7000  2.3778  0.2384  0.1770 -1.0230
  0.7000  1.2625 -0.5000  2.9540  0.3541  0.1249 -1.5109
  0.7000  1.2625 -0.3000  3.5006  0.4626  0.0326 -1.9122
  0.7000  1.2625 -0.1000  4.0315  0.5615 -0.0758 -2.2338
  0.7000  1.2625  0.1000  4.5467  0.6603 -0.1818 -2.4561
  0.7000  1.2625  0.3000  5.0420  0.7779 -0.2676 -2.5375
  0.7000  1.2625  0.5000  5.5208  0.9532 -0.3125 -2.4033
  0.7000  1.2625  0.7000  6.0088  1.2650 -0.2900 -1.9194
  0.7000  1.2625  0.9000  6.5745  1.8534 -0.1662 -0.8554
  0.7000  1.2875 -0.9000  0.9145  0.1279  0.0474 -0.2285
  0.7000  1.2875 -0.7000  1.2688  0.2375  0.0502 -0.5774
  0.7000  1.2875 -0.5000  1.6386  0.3643  0.0109 -0.8760
  0.7000  1.2875 -0.3000  2.0723  0.4778 -0.0501 -1.1788
  0.7000  1.2875 -0.1000  2.5870  0.5780 -0.1170 -1.4893
  0.7000  1.2875  0.1000  3.1788  0.6768 -0.1759 -1.7805
  0.7000  1.2875  0.3000  3.8347  0.7945 -0.2127 -2.0002
  0.7000  1.2875  0.5000  4.5467  0.9760 -0.2109 -2.0545
  0.7000  1.2875  0.7000  5.3339  1.3201 -0.1520 -1.7697
  0.7000  1.2875  0.9000  6.2728  2.0071 -0.0340 -0.8437
  0.7000  1.3125 -0.9000  0.4882  0.1517 -0.0105 -0.1554
  0.7000  1.3125 -0.7000  0.7078  0.2630 -0.0322 -0.3776
  0.7000  1.3125 -0.5000  0.9729  0.3857 -0.0723 -0.5871
  0.7000  1.3125 -0.3000  1.3437  0.4906 -0.1228 -0.8463
  0.7000  1.3125 -0.1000  1.8402  0.5832 -0.1721 -1.1586
  0.7000  1.3125  0.1000  2.4545  0.6783 -0.2086 -1.4935
  0.7000  1.3125  0.3000  3.1635  0.7967 -0.2204 -1.7928
  0.7000  1.3125  0.5000  3.9473  0.9873 -0.1928 -1.9494
  0.7000  1.3125  0.7000  4.8142  1.3667 -0.1092 -1.7619
  0.7000  1.3125  0.9000  5.8403  2.1525  0.0211 -0.8738
  0.7000  1.3375 -0.9000  0.2837  0.2007 -0.0497 -0.1250
  0.7000  1.3375 -0.7000  0.4435  0.3015 -0.0928 -0.2933
  0.7000  1.3375 -0.5000  0.6592  0.4089 -0.1376 -0.4663
  0.7000  1.3375 -0.3000  1.0004  0.4968 -0.1842 -0.7135
  0.7000  1.3375 -0.1000  1.4874  0.5752 -0.2241 -1.0386
  0.7000  1.3375  0.1000  2.1058  0.6600 -0.2466 -1.4080
  0.7000  1.3375  0.3000  2.8212  0.7703 -0.2404 -1.7584
  0.7000  1.3375  0.5000  3.5986  0.9572 -0.1922 -1.9726
  0.7000  1.3375  0.7000  4.4294  1.3495 -0.0859 -1.8269
  0.7000  1.3375  0.9000  5.3753  2.1838  0.0614 -0.9227
  0.7000  1.3625 -0.9000  0.2194  0.2499 -0.0781 -0.1129
  0.7000  1.3625 -0.7000  0.3516  0.3275 -0.1384 -0.2612
  0.7000  1.3625 -0.5000  0.5454  0.4108 -0.1866 -0.4245
  0.7000  1.3625 -0.3000  0.8773  0.4759 -0.2288 -0.6773
  0.7000  1.3625 -0.1000  1.3640  0.5358 -0.2587 -1.0231
  0.7000  1.3625  0.1000  1.9822  0.6062 -0.2663 -1.4251
  0.7000  1.3625  0.3000  2.6841  0.7023 -0.2412 -1.8140
  0.7000  1.3625  0.5000  3.4162  0.8727 -0.1705 -2.0617
  0.7000  1.3625  0.7000  4.1444  1.2469 -0.0380 -1.9245
  0.7000  1.3625  0.9000  4.8981  2.0454  0.1286 -0.9752
  0.7000  1.3875 -0.9000  0.2498  0.2723 -0.0949 -0.1149
  0.7000  1.3875 -0.7000  0.3766  0.3219 -0.1675 -0.2650
  0.7000  1.3875 -0.5000  0.5662  0.3785 -0.2169 -0.4337
  0.7000  1.3875 -0.3000  0.9040  0.4215 -0.2533 -0.7028
  0.7000  1.3875 -0.1000  1.4019  0.4659 -0.2720 -1.0754
  0.7000  1.3875  0.1000  2.0248  0.5247 -0.2631 -1.5107
  0.7000  1.3875  0.3000  2.7100  0.6082 -0.2165 -1.9324
  0.7000  1.3875  0.5000  3.3831  0.7618 -0.1195 -2.1999
  0.7000  1.3875  0.7000  3.9779  1.1047  0.0442 -2.0498
  0.7000  1.3875  0.9000  4.4756  1.7979  0.2308 -1.0327
  0.7000  1.4125 -0.9000  0.3393  0.2679 -0.1037 -0.1428
  0.7000  1.4125 -0.7000  0.5012  0.2966 -0.1877 -0.3269
  0.7000  1.4125 -0.5000  0.7128  0.3308 -0.2388 -0.5198
  0.7000  1.4125 -0.3000  1.0772  0.3559 -0.2702 -0.8174
  0.7000  1.4125 -0.1000  1.6032  0.3902 -0.2778 -1.2254
  0.7000  1.4125  0.1000  2.2429  0.4443 -0.2519 -1.6982
  0.7000  1.4125  0.3000  2.9163  0.5246 -0.1828 -2.1496
  0.7000  1.4125  0.5000  3.5259  0.6743 -0.0581 -2.4220
  0.7000  1.4125  0.7000  3.9677  0.9981  0.1400 -2.2296
  0.7000  1.4125  0.9000  4.1617  1.5606  0.3512 -1.1061
  0.7000  1.4375 -0.9000  0.4729  0.2833 -0.1195 -0.2152
  0.7000  1.4375 -0.7000  0.7472  0.2958 -0.2211 -0.4920
  0.7000  1.4375 -0.5000  1.0311  0.3059 -0.2753 -0.7454
  0.7000  1.4375 -0.3000  1.4560  0.3085 -0.3004 -1.0946
  0.7000  1.4375 -0.1000  2.0317  0.3307 -0.2947 -1.5499
  0.7000  1.4375  0.1000  2.6982  0.3829 -0.2481 -2.0618
  0.7000  1.4375  0.3000  3.3580  0.4685 -0.1516 -2.5332
  0.7000  1.4375  0.5000  3.8893  0.6326  0.0056 -2.7860
  0.7000  1.4375  0.7000  4.1464  0.9666  0.2424 -2.5066
  0.7000  1.4375  0.9000  3.9772  1.4116  0.4827 -1.2127
  0.7000  1.4625 -0.9000  0.6789  0.4104 -0.1704 -0.3418
  0.7000  1.4625 -0.7000  1.1902  0.3829 -0.3041 -0.8101
  0.7000  1.4625 -0.5000  1.6316  0.3422 -0.3582 -1.1925
  0.7000  1.4625 -0.3000  2.1623  0.2959 -0.3665 -1.6287
  0.7000  1.4625 -0.1000  2.7985  0.2861 -0.3333 -2.1381
  0.7000  1.4625  0.1000  3.4761  0.3269 -0.2502 -2.6731
  0.7000  1.4625  0.3000  4.0879  0.4207 -0.1108 -3.1312
  0.7000  1.4625  0.5000  4.4967  0.6192  0.0923 -3.3179
  0.7000  1.4625  0.7000  4.5246  1.0081  0.3767 -2.8939
  0.7000  1.4625  0.9000  3.9591  1.4022  0.6463 -1.3603
  0.7000  1.4875 -0.9000  0.9359  0.8063 -0.2776 -0.4356
  0.7000  1.4875 -0.7000  1.7420  0.6439 -0.4466 -1.1449
  0.7000  1.4875 -0.5000  2.3716  0.4769 -0.4810 -1.6979
  0.7000  1.4875 -0.3000  2.9625  0.3196 -0.4497 -2.2026
  0.7000  1.4875 -0.1000  3.5504  0.2249 -0.3699 -2.6988
  0.7000  1.4875  0.1000  4.1037  0.2185 -0.2378 -3.1656
  0.7000  1.4875  0.3000  4.5479  0.3096 -0.0512 -3.5255
  0.7000  1.4875  0.5000  4.7735  0.5595  0.1910 -3.6068
  0.7000  1.4875  0.7000  4.6271  1.0750  0.5042 -3.0855
  0.7000  1.4875  0.9000  3.9309  1.6746  0.7847 -1.4450
  0.7000  1.5125 -0.9000  1.1000  1.3090 -0.3655 -0.2683
  0.7000  1.5125 -0.7000  1.8713  0.9248 -0.5281 -0.9831
  0.7000  1.5125 -0.5000  2.4678  0.6055 -0.5216 -1.5663
  0.7000  1.5125 -0.3000  2.8988  0.3426 -0.4524 -1.9945
  0.7000  1.5125 -0.1000  3.2199  0.1647 -0.3486 -2.3349
  0.7000  1.5125  0.1000  3.4774  0.1069 -0.2074 -2.6233
  0.7000  1.5125  0.3000  3.6857  0.1901 -0.0278 -2.8472
  0.7000  1.5125  0.5000  3.8212  0.4793  0.1857 -2.9181
  0.7000  1.5125  0.7000  3.8335  1.1526  0.4509 -2.5897
  0.7000  1.5125  0.9000  3.7286  2.3524  0.7120 -1.3074
  0.7000  1.5375 -0.9000  1.1945  1.4558 -0.3852  0.0237
  0.7000  1.5375 -0.7000  1.6661  0.9479 -0.5206 -0.4787
  0.7000  1.5375 -0.5000  2.0721  0.5825 -0.4883 -0.9531
  0.7000  1.5375 -0.3000  2.2968  0.3155 -0.4107 -1.2559
  0.7000  1.5375 -0.1000  2.3961  0.1344 -0.3176 -1.4693
  0.7000  1.5375  0.1000  2.4665  0.0736 -0.2017 -1.6644
  0.7000  1.5375  0.3000  2.5798  0.1573 -0.0602 -1.8683
  0.7000  1.5375  0.5000  2.7630  0.4441  0.0972 -2.0490
  0.7000  1.5375  0.7000  3.0213  1.1796  0.2889 -2.0126
  0.7000  1.5375  0.9000  3.4767  2.8552  0.5290 -1.1497
  0.7000  1.5625 -0.9000  1.1970  1.3507 -0.3550  0.2180
  0.7000  1.5625 -0.7000  1.4248  0.8271 -0.4553 -0.0966
  0.7000  1.5625 -0.5000  1.6684  0.4899 -0.4125 -0.4591
  0.7000  1.5625 -0.3000  1.7641  0.2700 -0.3492 -0.6807
  0.7000  1.5625 -0.1000  1.7696  0.1260 -0.2886 -0.8531
  0.7000  1.5625  0.1000  1.7965  0.0884 -0.2141 -1.0538
  0.7000  1.5625  0.3000  1.9268  0.1763 -0.1197 -1.3125
  0.7000  1.5625  0.5000  2.1814  0.4398 -0.0223 -1.6037
  0.7000  1.5625  0.7000  2.5360  1.1622  0.0945 -1.7375
  0.7000  1.5625  0.9000  3.0742  2.9983  0.3202 -1.0738
  0.7000  1.5875 -0.9000  1.2585  1.1759 -0.2906  0.3361
  0.7000  1.5875 -0.7000  1.3257  0.6939 -0.3606  0.1321
  0.7000  1.5875 -0.5000  1.4682  0.4079 -0.3211 -0.1733
  0.7000  1.5875 -0.3000  1.5062  0.2350 -0.2821 -0.3738
  0.7000  1.5875 -0.1000  1.4997  0.1209 -0.2572 -0.5678
  0.7000  1.5875  0.1000  1.5595  0.0962 -0.2201 -0.8280
  0.7000  1.5875  0.3000  1.7551  0.1758 -0.1611 -1.1685
  0.7000  1.5875  0.5000  2.0733  0.4022 -0.1051 -1.5416
  0.7000  1.5875  0.7000  2.4189  1.0761 -0.0434 -1.7318
  0.7000  1.5875  0.9000  2.7627  2.8912  0.1691 -1.0802
  0.7000  1.6125 -0.9000  1.3989  1.0262 -0.2330  0.4186
  0.7000  1.6125 -0.7000  1.3576  0.6063 -0.2792  0.2906
  0.7000  1.6125 -0.5000  1.4365  0.3710 -0.2508  0.0107
  0.7000  1.6125 -0.3000  1.4545  0.2334 -0.2383 -0.2089
  0.7000  1.6125 -0.1000  1.4760  0.1347 -0.2428 -0.4657
  0.7000  1.6125  0.1000  1.6015  0.1089 -0.2299 -0.8165
  0.7000  1.6125  0.3000  1.8732  0.1693 -0.1897 -1.2468
  0.7000  1.6125  0.5000  2.2285  0.3553 -0.1604 -1.6718
  0.7000  1.6125  0.7000  2.4823  0.9808 -0.1527 -1.8410
  0.7000  1.6125  0.9000  2.4552  2.7422  0.0188 -1.1058
  0.7000  1.6375 -0.9000  1.5523  0.8536 -0.1992  0.4644
  0.7000  1.6375 -0.7000  1.4302  0.5300 -0.2225  0.4339
  0.7000  1.6375 -0.5000  1.4530  0.3553 -0.2102  0.1934
  0.7000  1.6375 -0.3000  1.4675  0.2540 -0.2261 -0.0642
  0.7000  1.6375 -0.1000  1.5371  0.1664 -0.2511 -0.4140
  0.7000  1.6375  0.1000  1.7379  0.1271 -0.2464 -0.8730
  0.7000  1.6375  0.3000  2.0695  0.1534 -0.2096 -1.3818
  0.7000  1.6375  0.5000  2.4122  0.2887 -0.1993 -1.8128
  0.7000  1.6375  0.7000  2.5015  0.8585 -0.2610 -1.9009
  0.7000  1.6375  0.9000  2.0302  2.6112 -0.1867 -1.0760
  0.7000  1.6625 -0.9000  1.5764  0.6123 -0.1709  0.4230
  0.7000  1.6625 -0.7000  1.3903  0.4458 -0.1581  0.5497
  0.7000  1.6625 -0.5000  1.3385  0.3530 -0.1617  0.4125
  0.7000  1.6625 -0.3000  1.3507  0.2942 -0.2070  0.1318
  0.7000  1.6625 -0.1000  1.4665  0.2151 -0.2430 -0.3034
  0.7000  1.6625  0.1000  1.7145  0.1438 -0.2329 -0.8375
  0.7000  1.6625  0.3000  2.0435  0.1134 -0.1909 -1.3581
  0.7000  1.6625  0.5000  2.3001  0.1800 -0.1915 -1.7174
  0.7000  1.6625  0.7000  2.2245  0.6649 -0.3170 -1.7033
  0.7000  1.6625  0.9000  1.5404  2.4854 -0.3818 -0.9188
  0.7000  1.6875 -0.9000  1.3678  0.4241 -0.1587  0.2714
  0.7000  1.6875 -0.7000  1.1716  0.3693 -0.1040  0.5374
  0.7000  1.6875 -0.5000  1.0526  0.3300 -0.1114  0.5443
  0.7000  1.6875 -0.3000  1.0549  0.3072 -0.1746  0.2988
  0.7000  1.6875 -0.1000  1.1809  0.2502 -0.2127 -0.1344
  0.7000  1.6875  0.1000  1.4082  0.1664 -0.1950 -0.6314
  0.7000  1.6875  0.3000  1.6550  0.1009 -0.1507 -1.0521
  0.7000  1.6875  0.5000  1.7853  0.1220 -0.1557 -1.2755
  0.7000  1.6875  0.7000  1.6442  0.5325 -0.3089 -1.2066
  0.7000  1.6875  0.9000  1.1470  2.4484 -0.4697 -0.6537
  0.7000  1.7125 -0.9000  1.0505  0.3432 -0.1543  0.1049
  0.7000  1.7125 -0.7000  0.9143  0.2961 -0.0767  0.3965
  0.7000  1.7125 -0.5000  0.7870  0.2633 -0.0807  0.4992
  0.7000  1.7125 -0.3000  0.7820  0.2580 -0.1453  0.3277
  0.7000  1.7125 -0.1000  0.8838  0.2287 -0.1788 -0.0215
  0.7000  1.7125  0.1000  1.0505  0.1623 -0.1567 -0.4017
  0.7000  1.7125  0.3000  1.2000  0.1007 -0.1154 -0.6792
  0.7000  1.7125  0.5000  1.2334  0.1139 -0.1277 -0.7761
  0.7000  1.7125  0.7000  1.0895  0.4846 -0.2924 -0.6996
  0.7000  1.7125  0.9000  0.8275  2.3809 -0.4795 -0.4055
  0.7000  1.7375 -0.9000  0.7716  0.3425 -0.1456 -0.0055
  0.7000  1.7375 -0.7000  0.7010  0.2561 -0.0648  0.2428
  0.7000  1.7375 -0.5000  0.5972  0.2112 -0.0659  0.3809
  0.7000  1.7375 -0.3000  0.5883  0.2088 -0.1223  0.2764
  0.7000  1.7375 -0.1000  0.6585  0.1937 -0.1464  0.0216
  0.7000  1.7375  0.1000  0.7689  0.1438 -0.1201 -0.2447
  0.7000  1.7375  0.3000  0.8511  0.0953 -0.0826 -0.4080
  0.7000  1.7375  0.5000  0.8353  0.1133 -0.1051 -0.4240
  0.7000  1.7375  0.7000  0.7069  0.4669 -0.2832 -0.3582
  0.7000  1.7375  0.9000  0.5793  2.2893 -0.4686 -0.2434
  0.7000  1.7625 -0.9000  0.5765  0.3714 -0.1365 -0.0645
  0.7000  1.7625 -0.7000  0.5455  0.2410 -0.0612  0.1323
  0.7000  1.7625 -0.5000  0.4639  0.1832 -0.0618  0.2776
  0.7000  1.7625 -0.3000  0.4501  0.1804 -0.1098  0.2202
  0.7000  1.7625 -0.1000  0.4930  0.1716 -0.1252  0.0377
  0.7000  1.7625  0.1000  0.5641  0.1318 -0.0952 -0.1479
  0.7000  1.7625  0.3000  0.6091  0.0932 -0.0601 -0.2399
  0.7000  1.7625  0.5000  0.5775  0.1160 -0.0907 -0.2141
  0.7000  1.7625  0.7000  0.4745  0.4619 -0.2794 -0.1640
  0.7000  1.7625  0.9000  0.4282  2.2148 -0.4521 -0.1554
  0.7000  1.7875 -0.9000  0.4501  0.3999 -0.1315 -0.0919
  0.7000  1.7875 -0.7000  0.4390  0.2324 -0.0641  0.0653
  0.7000  1.7875 -0.5000  0.3718  0.1657 -0.0656  0.2071
  0.7000  1.7875 -0.3000  0.3523  0.1636 -0.1073  0.1795
  0.7000  1.7875 -0.1000  0.3748  0.1590 -0.1160  0.0458
  0.7000  1.7875  0.1000  0.4206  0.1257 -0.0832 -0.0880
  0.7000  1.7875  0.3000  0.4463  0.0938 -0.0493 -0.1389
  0.7000  1.7875  0.5000  0.4141  0.1196 -0.0840 -0.0941
  0.7000  1.7875  0.7000  0.3393  0.4606 -0.2764 -0.0598
  0.7000  1.7875  0.9000  0.3526  2.1527 -0.4289 -0.1127
  0.7000  1.8125 -0.9000  0.3650  0.4224 -0.1301 -0.1010
  0.7000  1.8125 -0.7000  0.3637  0.2244 -0.0694  0.0279
  0.7000  1.8125 -0.5000  0.3080  0.1523 -0.0719  0.1622
  0.7000  1.8125 -0.3000  0.2849  0.1518 -0.1094  0.1526
  0.7000  1.8125 -0.1000  0.2932  0.1509 -0.1139  0.0510
  0.7000  1.8125  0.1000  0.3222  0.1224 -0.0794 -0.0500
  0.7000  1.8125  0.3000  0.3370  0.0953 -0.0457 -0.0772
  0.7000  1.8125  0.5000  0.3090  0.1228 -0.0811 -0.0247
  0.7000  1.8125  0.7000  0.2598  0.4577 -0.2711 -0.0054
  0.7000  1.8125  0.9000  0.3203  2.0913 -0.3972 -0.0962
  0.9000  1.1125 -0.9000  0.4944  0.0742 -0.0049 -0.1404
  0.9000  1.1125 -0.7000  0.7141  0.0539 -0.0374 -0.3523
  0.9000  1.1125 -0.5000  0.8669  0.0418 -0.0771 -0.4899
  0.9000  1.1125 -0.3000  0.9693  0.0414 -0.1167 -0.5671
  0.9000  1.1125 -0.1000  1.0308  0.0552 -0.1525 -0.5926
  0.9000  1.1125  0.1000  1.0577  0.0850 -0.1818 -0.5722
  0.9000  1.1125  0.3000  1.0551  0.1328 -0.2017 -0.5098
  0.9000  1.1125  0.5000  1.0275  0.2005 -0.2078 -0.4087
  0.9000  1.1125  0.7000  0.9796  0.2904 -0.1921 -0.2713
  0.9000  1.1125  0.9000  0.9146  0.4047 -0.1303 -0.0991
  0.9000  1.1375 -0.9000  0.9758  0.1416  0.0525 -0.3267
  0.9000  1.1375 -0.7000  1.4442  0.1013  0.0157 -0.8096
  0.9000  1.1375 -0.5000  1.7393  0.0713 -0.0549 -1.1160
  0.9000  1.1375 -0.3000  1.9062  0.0625 -0.1334 -1.2844
  0.9000  1.1375 -0.1000  1.9678  0.0819 -0.2098 -1.3367
  0.9000  1.1375  0.1000  1.9371  0.1349 -0.2777 -1.2860
  0.9000  1.1375  0.3000  1.8242  0.2261 -0.3307 -1.1414
  0.9000  1.1375  0.5000  1.6396  0.3607 -0.3601 -0.9111
  0.9000  1.1375  0.7000  1.3938  0.5450 -0.3487 -0.6022
  0.9000  1.1375  0.9000  1.0938  0.7863 -0.2469 -0.2193
  0.9000  1.1625 -0.9000  1.7875  0.2152  0.1575 -0.5855
  0.9000  1.1625 -0.7000  2.6183  0.1534  0.1311 -1.4508
  0.9000  1.1625 -0.5000  3.1285  0.1008  0.0256 -2.0012
  0.9000  1.1625 -0.3000  3.3953  0.0785 -0.1043 -2.3052
  0.9000  1.1625 -0.1000  3.4549  0.0997 -0.2382 -2.4006
  0.9000  1.1625  0.1000  3.3258  0.1734 -0.3643 -2.3090
  0.9000  1.1625  0.3000  3.0228  0.3077 -0.4711 -2.0466
  0.9000  1.1625  0.5000  2.5629  0.5119 -0.5431 -1.6290
  0.9000  1.1625  0.7000  1.9641  0.7982 -0.5506 -1.0718
  0.9000  1.1625  0.9000  1.2364  1.1815 -0.4066 -0.3877
  0.9000  1.1875 -0.9000  2.8331  0.2868  0.3013 -0.8561
  0.9000  1.1875 -0.7000  4.0808  0.2140  0.3064 -2.1340
  0.9000  1.1875 -0.5000  4.8725  0.1484  0.1714 -2.9620
  0.9000  1.1875 -0.3000  5.3046  0.1180 -0.0127 -3.4330
  0.9000  1.1875 -0.1000  5.4186  0.1399 -0.2129 -3.5951
  0.9000  1.1875  0.1000  5.2343  0.2257 -0.4092 -3.4751
  0.9000  1.1875  0.3000  4.7694  0.3862 -0.5836 -3.0935
  0.9000  1.1875  0.5000  4.0467  0.6354 -0.7124 -2.4717
  0.9000  1.1875  0.7000  3.0912  0.9926 -0.7518 -1.6318
  0.9000  1.1875  0.9000  1.9157  1.4832 -0.5728 -0.5920
  0.9000  1.2125 -0.9000  3.1215  0.2832  0.3583 -0.8553
  0.9000  1.2125 -0.7000  4.4234  0.2459  0.3997 -2.1474
  0.9000  1.2125 -0.5000  5.3144  0.2177  0.2765 -3.0093
  0.9000  1.2125 -0.3000  5.8744  0.2140  0.0892 -3.5291
  0.9000  1.2125 -0.1000  6.1348  0.2463 -0.1234 -3.7474
  0.9000  1.2125  0.1000  6.1093  0.3251 -0.3370 -3.6817
  0.9000  1.2125  0.3000  5.8119  0.4620 -0.5297 -3.3410
  0.9000  1.2125  0.5000  5.2637  0.6745 -0.6744 -2.7316
  0.9000  1.2125  0.7000  4.4899  0.9896 -0.7251 -1.8538
  0.9000  1.2125  0.9000  3.5072  1.4449 -0.5549 -0.6945
  0.9000  1.2375 -0.9000  2.2056  0.1919  0.2440 -0.5525
  0.9000  1.2375 -0.7000  3.0807  0.2196  0.2863 -1.3868
  0.9000  1.2375 -0.5000  3.7501  0.2608  0.2095 -1.9650
  0.9000  1.2375 -0.3000  4.2663  0.3064  0.0821 -2.3540
  0.9000  1.2375 -0.1000  4.6475  0.3581 -0.0656 -2.5765
  0.9000  1.2375  0.1000  4.8994  0.4232 -0.2129 -2.6309
  0.9000  1.2375  0.3000  5.0279  0.5139 -0.3412 -2.5033
  0.9000  1.2375  0.5000  5.0446  0.6512 -0.4291 -2.1665
  0.9000  1.2375  0.7000  4.9686  0.8703 -0.4454 -1.5716
  0.9000  1.2375  0.9000  4.8223  1.2263 -0.3201 -0.6346
  0.9000  1.2625 -0.9000  1.2234  0.1292  0.1142 -0.2994
  0.9000  1.2625 -0.7000  1.6998  0.1963  0.1331 -0.7328
  0.9000  1.2625 -0.5000  2.1162  0.2757  0.0856 -1.0453
  0.9000  1.2625 -0.3000  2.5211  0.3474  0.0085 -1.2969
  0.9000  1.2625 -0.1000  2.9303  0.4101 -0.0778 -1.5007
  0.9000  1.2625  0.1000  3.3455  0.4714 -0.1587 -1.6432
  0.9000  1.2625  0.3000  3.7654  0.5454 -0.2207 -1.6942
  0.9000  1.2625  0.5000  4.1934  0.6571 -0.2484 -1.6013
  0.9000  1.2625  0.7000  4.6426  0.8525 -0.2232 -1.2742
  0.9000  1.2625  0.9000  5.1397  1.2068 -0.1239 -0.5641
  0.9000  1.2875 -0.9000  0.6472  0.1211  0.0364 -0.1821
  0.9000  1.2875 -0.7000  0.9229  0.2037  0.0314 -0.4182
  0.9000  1.2875 -0.5000  1.1958  0.2937 -0.0085 -0.5938
  0.9000  1.2875 -0.3000  1.5245  0.3704 -0.0633 -0.7739
  0.9000  1.2875 -0.1000  1.9280  0.4343 -0.1189 -0.9696
  0.9000  1.2875  0.1000  2.4058  0.4954 -0.1642 -1.1619
  0.9000  1.2875  0.3000  2.9510  0.5695 -0.1885 -1.3117
  0.9000  1.2875  0.5000  3.5596  0.6863 -0.1797 -1.3520
  0.9000  1.2875  0.7000  4.2390  0.9035 -0.1252 -1.1648
  0.9000  1.2875  0.9000  5.0166  1.3187 -0.0287 -0.5526
  0.9000  1.3125 -0.9000  0.3427  0.1500 -0.0099 -0.1391
  0.9000  1.3125 -0.7000  0.5366  0.2356 -0.0361 -0.2957
  0.9000  1.3125 -0.5000  0.7441  0.3228 -0.0786 -0.4143
  0.9000  1.3125 -0.3000  1.0354  0.3933 -0.1261 -0.5684
  0.9000  1.3125 -0.1000  1.4326  0.4514 -0.1678 -0.7692
  0.9000  1.3125  0.1000  1.9320  0.5090 -0.1949 -0.9945
  0.9000  1.3125  0.3000  2.5198  0.5831 -0.1983 -1.1998
  0.9000  1.3125  0.5000  3.1840  0.7068 -0.1673 -1.3078
  0.9000  1.3125  0.7000  3.9250  0.9493 -0.0913 -1.1795
  0.9000  1.3125  0.9000  4.7678  1.4301  0.0145 -0.5800
  0.9000  1.3375 -0.9000  0.1957  0.2003 -0.0424 -0.1269
  0.9000  1.3375 -0.7000  0.3619  0.2784 -0.0876 -0.2593
  0.9000  1.3375 -0.5000  0.5459  0.3538 -0.1358 -0.3631
  0.9000  1.3375 -0.3000  0.8257  0.4103 -0.1812 -0.5177
  0.9000  1.3375 -0.1000  1.2230  0.4562 -0.2150 -0.7340
  0.9000  1.3375  0.1000  1.7284  0.5049 -0.2299 -0.9868
  0.9000  1.3375  0.3000  2.3190  0.5729 -0.2178 -1.2269
  0.9000  1.3375  0.5000  2.9724  0.6947 -0.1688 -1.3686
  0.9000  1.3375  0.7000  3.6768  0.9461 -0.0734 -1.2558
  0.9000  1.3375  0.9000  4.4462  1.4574  0.0459 -0.6247
  0.9000  1.3625 -0.9000  0.1561  0.2476 -0.0661 -0.1230
  0.9000  1.3625 -0.7000  0.3111  0.3073 -0.1271 -0.2532
  0.9000  1.3625 -0.5000  0.4903  0.3630 -0.1796 -0.3632
  0.9000  1.3625 -0.3000  0.7729  0.4012 -0.2221 -0.5335
  0.9000  1.3625 -0.1000  1.1754  0.4319 -0.2479 -0.7727
  0.9000  1.3625  0.1000  1.6792  0.4682 -0.2505 -1.0517
  0.9000  1.3625  0.3000  2.2506  0.5244 -0.2227 -1.3166
  0.9000  1.3625  0.5000  2.8530  0.6331 -0.1554 -1.4741
  0.9000  1.3625  0.7000  3.4557  0.8694 -0.0403 -1.3539
  0.9000  1.3625  0.9000  4.0475  1.3518  0.0897 -0.6717
  0.9000  1.3875 -0.9000  0.1980  0.2670 -0.0790 -0.1239
  0.9000  1.3875 -0.7000  0.3474  0.3036 -0.1510 -0.2612
  0.9000  1.3875 -0.5000  0.5292  0.3374 -0.2056 -0.3857
  0.9000  1.3875 -0.3000  0.8228  0.3575 -0.2437 -0.5784
  0.9000  1.3875 -0.1000  1.2363  0.3750 -0.2601 -0.8447
  0.9000  1.3875  0.1000  1.7397  0.4014 -0.2492 -1.1508
  0.9000  1.3875  0.3000  2.2858  0.4477 -0.2044 -1.4372
  0.9000  1.3875  0.5000  2.8204  0.5426 -0.1174 -1.6007
  0.9000  1.3875  0.7000  3.2871  0.7519  0.0181 -1.4578
  0.9000  1.3875  0.9000  3.6363  1.1529  0.1558 -0.7138
  0.9000  1.4125 -0.9000  0.2930  0.2618 -0.0844 -0.1428
  0.9000  1.4125 -0.7000  0.4629  0.2798 -0.1659 -0.3068
  0.9000  1.4125 -0.5000  0.6637  0.2945 -0.2224 -0.4557
  0.9000  1.4125 -0.3000  0.9819  0.2993 -0.2557 -0.6771
  0.9000  1.4125 -0.1000  1.4183  0.3077 -0.2620 -0.9748
  0.9000  1.4125  0.1000  1.9299  0.3300 -0.2362 -1.3100
  0.9000  1.4125  0.3000  2.4544  0.3738 -0.1728 -1.6153
  0.9000  1.4125  0.5000  2.9191  0.4648 -0.0643 -1.7758
  0.9000  1.4125  0.7000  3.2369  0.6550  0.0935 -1.5924
  0.9000  1.4125  0.9000  3.3066  0.9574  0.2381 -0.7638
  0.9000  1.4375 -0.9000  0.4260  0.2765 -0.0970 -0.1988
  0.9000  1.4375 -0.7000  0.6820  0.2777 -0.1939 -0.4352
  0.9000  1.4375 -0.5000  0.9424  0.2701 -0.2530 -0.6340
  0.9000  1.4375 -0.3000  1.3123  0.2548 -0.2793 -0.8995
  0.9000  1.4375 -0.1000  1.7895  0.2516 -0.2713 -1.2365
  0.9000  1.4375  0.1000  2.3189  0.2715 -0.2250 -1.6011
  0.9000  1.4375  0.3000  2.8231  0.3200 -0.1363 -1.9175
  0.9000  1.4375  0.5000  3.2094  0.4219 -0.0001 -2.0562
  0.9000  1.4375  0.7000  3.3574  0.6154  0.1849 -1.7991
  0.9000  1.4375  0.9000  3.1057  0.8311  0.3368 -0.8386
  0.9000  1.4625 -0.9000  0.6231  0.3902 -0.1439 -0.2995
  0.9000  1.4625 -0.7000  1.0743  0.3524 -0.2698 -0.6876
  0.9000  1.4625 -0.5000  1.4683  0.2985 -0.3288 -0.9906
  0.9000  1.4625 -0.3000  1.9301  0.2404 -0.3375 -1.3287
  0.9000  1.4625 -0.1000  2.4601  0.2086 -0.3006 -1.7117
  0.9000  1.4625  0.1000  2.9970  0.2178 -0.2172 -2.0950
  0.9000  1.4625  0.3000  3.4543  0.2738 -0.0862 -2.3977
  0.9000  1.4625  0.5000  3.7261  0.4035  0.0933 -2.4778
  0.9000  1.4625  0.7000  3.6661  0.6366  0.3165 -2.0992
  0.9000  1.4625  0.9000  3.0636  0.8181  0.4738 -0.9477
  0.9000  1.4875 -0.9000  0.8644  0.7273 -0.2490 -0.3657
  0.9000  1.4875 -0.7000  1.5629  0.5752 -0.4090 -0.9430
  0.9000  1.4875 -0.5000  2.1198  0.4151 -0.4514 -1.3889
  0.9000  1.4875 -0.3000  2.6390  0.2652 -0.4226 -1.7922
  0.9000  1.4875 -0.1000  3.1365  0.1650 -0.3387 -2.1759
  0.9000  1.4875  0.1000  3.5754  0.1370 -0.2043 -2.5148
  0.9000  1.4875  0.3000  3.8922  0.1928 -0.0230 -2.7449
  0.9000  1.4875  0.5000  4.0010  0.3669  0.1999 -2.7394
  0.9000  1.4875  0.7000  3.7756  0.7020  0.4535 -2.2718
  0.9000  1.4875  0.9000  3.0309  1.0407  0.6081 -1.0182
  0.9000  1.5125 -0.9000  1.0122  1.1260 -0.3392 -0.2080
  0.9000  1.5125 -0.7000  1.6752  0.8026 -0.4946 -0.7805
  0.9000  1.5125 -0.5000  2.2039  0.5255 -0.5007 -1.2622
  0.9000  1.5125 -0.3000  2.5917  0.2949 -0.4389 -1.6216
  0.9000  1.5125 -0.1000  2.8748  0.1343 -0.3330 -1.9007
  0.9000  1.5125  0.1000  3.0797  0.0711 -0.1875 -2.1187
  0.9000  1.5125  0.3000  3.2094  0.1245 -0.0074 -2.2591
  0.9000  1.5125  0.5000  3.2435  0.3378  0.1992 -2.2520
  0.9000  1.5125  0.7000  3.1404  0.8090  0.4265 -1.9238
  0.9000  1.5125  0.9000  2.8633  1.5881  0.5759 -0.9219
  0.9000  1.5375 -0.9000  1.0719  1.2254 -0.3572  0.0444
  0.9000  1.5375 -0.7000  1.4829  0.8142 -0.4852 -0.3516
  0.9000  1.5375 -0.5000  1.8531  0.5084 -0.4666 -0.7544
  0.9000  1.5375 -0.3000  2.0690  0.2798 -0.4000 -1.0242
  0.9000  1.5375 -0.1000  2.1723  0.1234 -0.3081 -1.2133
  0.9000  1.5375  0.1000  2.2316  0.0637 -0.1896 -1.3696
  0.9000  1.5375  0.3000  2.2937  0.1217 -0.0469 -1.5064
  0.9000  1.5375  0.5000  2.3770  0.3423  0.1108 -1.5931
  0.9000  1.5375  0.7000  2.4890  0.8778  0.2867 -1.4911
  0.9000  1.5375  0.9000  2.6934  2.0071  0.4383 -0.8038
  0.9000  1.5625 -0.9000  1.0466  1.1226 -0.3264  0.2086
  0.9000  1.5625 -0.7000  1.2518  0.7062 -0.4176 -0.0355
  0.9000  1.5625 -0.5000  1.4827  0.4288 -0.3878 -0.3523
  0.9000  1.5625 -0.3000  1.5871  0.2416 -0.3355 -0.5598
  0.9000  1.5625 -0.1000  1.6107  0.1194 -0.2757 -0.7178
  0.9000  1.5625  0.1000  1.6357  0.0823 -0.1988 -0.8804
  0.9000  1.5625  0.3000  1.7164  0.1473 -0.1033 -1.0632
  0.9000  1.5625  0.5000  1.8667  0.3571  0.0001 -1.2409
  0.9000  1.5625  0.7000  2.0773  0.8941  0.1194 -1.2763
  0.9000  1.5625  0.9000  2.3964  2.1474  0.2711 -0.7455
  0.9000  1.5875 -0.9000  1.0758  0.9719 -0.2638  0.3065
  0.9000  1.5875 -0.7000  1.1425  0.5924 -0.3246  0.1506
  0.9000  1.5875 -0.5000  1.2852  0.3583 -0.2964 -0.1226
  0.9000  1.5875 -0.3000  1.3381  0.2107 -0.2667 -0.3144
  0.9000  1.5875 -0.1000  1.3507  0.1150 -0.2413 -0.4895
  0.9000  1.5875  0.1000  1.4042  0.0907 -0.2012 -0.6984
  0.9000  1.5875  0.3000  1.5417  0.1519 -0.1412 -0.9452
  0.9000  1.5875  0.5000  1.7503  0.3375 -0.0754 -1.1891
  0.9000  1.5875  0.7000  1.9707  0.8451  0.0032 -1.2728
  0.9000  1.5875  0.9000  2.1745  2.0941  0.1518 -0.7527
  0.9000  1.6125 -0.9000  1.1730  0.8491 -0.2071  0.3750
  0.9000  1.6125 -0.7000  1.1465  0.5204 -0.2463  0.2771
  0.9000  1.6125 -0.5000  1.2347  0.3277 -0.2277  0.0206
  0.9000  1.6125 -0.3000  1.2722  0.2094 -0.2228 -0.1883
  0.9000  1.6125 -0.1000  1.3112  0.1276 -0.2259 -0.4140
  0.9000  1.6125  0.1000  1.4236  0.1041 -0.2106 -0.6945
  0.9000  1.6125  0.3000  1.6284  0.1518 -0.1702 -1.0128
  0.9000  1.6125  0.5000  1.8722  0.3091 -0.1269 -1.3004
  0.9000  1.6125  0.7000  2.0283  0.7869 -0.0845 -1.3723
  0.9000  1.6125  0.9000  1.9622  2.0139  0.0416 -0.7836
  0.9000  1.6375 -0.9000  1.2762  0.7074 -0.1691  0.4119
  0.9000  1.6375 -0.7000  1.1850  0.4572 -0.1902  0.3877
  0.9000  1.6375 -0.5000  1.2290  0.3146 -0.1865  0.1587
  0.9000  1.6375 -0.3000  1.2687  0.2264 -0.2079 -0.0818
  0.9000  1.6375 -0.1000  1.3542  0.1543 -0.2326 -0.3817
  0.9000  1.6375  0.1000  1.5359  0.1209 -0.2287 -0.7500
  0.9000  1.6375  0.3000  1.7965  0.1421 -0.1936 -1.1354
  0.9000  1.6375  0.5000  2.0341  0.2615 -0.1643 -1.4362
  0.9000  1.6375  0.7000  2.0582  0.7058 -0.1680 -1.4522
  0.9000  1.6375  0.9000  1.6435  1.9515 -0.1037 -0.7837
  0.9000  1.6625 -0.9000  1.2676  0.5061 -0.1315  0.3736
  0.9000  1.6625 -0.7000  1.1303  0.3847 -0.1272  0.4698
  0.9000  1.6625 -0.5000  1.1141  0.3115 -0.1397  0.3233
  0.9000  1.6625 -0.3000  1.1565  0.2594 -0.1884  0.0678
  0.9000  1.6625 -0.1000  1.2868  0.1943 -0.2282 -0.2976
  0.9000  1.6625  0.1000  1.5153  0.1357 -0.2254 -0.7290
  0.9000  1.6625  0.3000  1.7844  0.1102 -0.1875 -1.1354
  0.9000  1.6625  0.5000  1.9607  0.1723 -0.1653 -1.3972
  0.9000  1.6625  0.7000  1.8477  0.5587 -0.2140 -1.3469
  0.9000  1.6625  0.9000  1.2443  1.8936 -0.2419 -0.6953
  0.9000  1.6875 -0.9000  1.0767  0.3385 -0.1096  0.2418
  0.9000  1.6875 -0.7000  0.9357  0.3133 -0.0763  0.4457
  0.9000  1.6875 -0.5000  0.8610  0.2891 -0.0937  0.4192
  0.9000  1.6875 -0.3000  0.8938  0.2691 -0.1574  0.1999
  0.9000  1.6875 -0.1000  1.0330  0.2221 -0.2029 -0.1577
  0.9000  1.6875  0.1000  1.2491  0.1541 -0.1983 -0.5612
  0.9000  1.6875  0.3000  1.4632  0.0991 -0.1603 -0.9003
  0.9000  1.6875  0.5000  1.5526  0.1204 -0.1439 -1.0732
  0.9000  1.6875  0.7000  1.3890  0.4506 -0.2181 -0.9941
  0.9000  1.6875  0.9000  0.9158  1.8875 -0.3127 -0.5139
  0.9000  1.7125 -0.9000  0.8132  0.2584 -0.1043  0.1001
  0.9000  1.7125 -0.7000  0.7215  0.2438 -0.0538  0.3225
  0.9000  1.7125 -0.5000  0.6348  0.2284 -0.0660  0.3784
  0.9000  1.7125 -0.3000  0.6565  0.2245 -0.1276  0.2258
  0.9000  1.7125 -0.1000  0.7715  0.2008 -0.1690 -0.0589
  0.9000  1.7125  0.1000  0.9366  0.1481 -0.1628 -0.3681
  0.9000  1.7125  0.3000  1.0769  0.0970 -0.1298 -0.5984
  0.9000  1.7125  0.5000  1.0987  0.1100 -0.1239 -0.6805
  0.9000  1.7125  0.7000  0.9400  0.4062 -0.2147 -0.6042
  0.9000  1.7125  0.9000  0.6550  1.8398 -0.3344 -0.3266
  0.9000  1.7375 -0.9000  0.5889  0.2489 -0.1016  0.0078
  0.9000  1.7375 -0.7000  0.5490  0.2049 -0.0477  0.1957
  0.9000  1.7375 -0.5000  0.4782  0.1801 -0.0536  0.2847
  0.9000  1.7375 -0.3000  0.4921  0.1791 -0.1052  0.1904
  0.9000  1.7375 -0.1000  0.5755  0.1677 -0.1371 -0.0153
  0.9000  1.7375  0.1000  0.6901  0.1296 -0.1272 -0.2320
  0.9000  1.7375  0.3000  0.7741  0.0902 -0.0988 -0.3719
  0.9000  1.7375  0.5000  0.7584  0.1068 -0.1049 -0.3926
  0.9000  1.7375  0.7000  0.6171  0.3866 -0.2124 -0.3291
  0.9000  1.7375  0.9000  0.4491  1.7710 -0.3387 -0.1969
  0.9000  1.7625 -0.9000  0.4348  0.2664 -0.0991 -0.0408
  0.9000  1.7625 -0.7000  0.4251  0.1888 -0.0486  0.1071
  0.9000  1.7625 -0.5000  0.3701  0.1534 -0.0510  0.2051
  0.9000  1.7625 -0.3000  0.3763  0.1518 -0.0931  0.1516
  0.9000  1.7625 -0.1000  0.4327  0.1459 -0.1160  0.0058
  0.9000  1.7625  0.1000  0.5103  0.1169 -0.1025 -0.1449
  0.9000  1.7625  0.3000  0.5603  0.0865 -0.0772 -0.2270
  0.9000  1.7625  0.5000  0.5302  0.1071 -0.0925 -0.2148
  0.9000  1.7625  0.7000  0.4116  0.3795 -0.2127 -0.1657
  0.9000  1.7625  0.9000  0.3183  1.7164 -0.3370 -0.1215
  0.9000  1.7875 -0.9000  0.3363  0.2858 -0.0989 -0.0634
  0.9000  1.7875 -0.7000  0.3403  0.1794 -0.0534  0.0541
  0.9000  1.7875 -0.5000  0.2957  0.1364 -0.0544  0.1524
  0.9000  1.7875 -0.3000  0.2948  0.1350 -0.0898  0.1249
  0.9000  1.7875 -0.1000  0.3310  0.1328 -0.1062  0.0194
  0.9000  1.7875  0.1000  0.3840  0.1099 -0.0897 -0.0890
  0.9000  1.7875  0.3000  0.4147  0.0856 -0.0657 -0.1372
  0.9000  1.7875  0.5000  0.3819  0.1088 -0.0864 -0.1092
  0.9000  1.7875  0.7000  0.2871  0.3762 -0.2133 -0.0729
  0.9000  1.7875  0.9000  0.2493  1.6740 -0.3297 -0.0812
  0.9000  1.8125 -0.9000  0.2707  0.3014 -0.1007 -0.0710
  0.9000  1.8125 -0.7000  0.2807  0.1712 -0.0590  0.0250
  0.9000  1.8125 -0.5000  0.2444  0.1235 -0.0593  0.1198
  0.9000  1.8125 -0.3000  0.2389  0.1232 -0.0905  0.1085
  0.9000  1.8125 -0.1000  0.2607  0.1242 -0.1028  0.0294
  0.9000  1.8125  0.1000  0.2968  0.1057 -0.0844 -0.0521
  0.9000  1.8125  0.3000  0.3159  0.0857 -0.0608 -0.0807
  0.9000  1.8125  0.5000  0.2848  0.1104 -0.0835 -0.0456
  0.9000  1.8125  0.7000  0.2116  0.3728 -0.2119 -0.0207
  0.9000  1.8125  0.9000  0.2173  1.6329 -0.3149 -0.0617
